0.455
0.297
-0.077
0.252
0.438
0.21
-0.104
0.073
-0.077
0.168
-0.578
-0.833
-0.486
0.256
-0.384
0.186
0.443
0.425
0.228
0.517
0.56
0.392
0.569
0.674
0.727
0.637
0.716
0.375
0.369
0.361
0.11
0.415
0.455
0.544
0.537
0.364
0.537
0.388
0.396
0.463
0.46
0.797
0.638
0.241
0.291
-0.073
0.327
0.332
0.411
0.333
0.071
-0.014
-0.163
0.311
-0.066
0.276
0.205
0.186
0.544
0.68
0.552
-0.026
-0.076
0.005
0.24
-0.316
-0.17
-0.372
-0.566
-0.493
-0.212
-0.238
0.045
-0.109
0.456
-0.166
0.05
0.51
0.592
0.437
0.587
0.678
0.578
0.266
0.67
0.818
1.013
0.8
0.773
0.88
0.926
0.818
0.682
0.843
-0.034
0.377
0.467
0.488
0.516
0.498
0.736
0.666
0.754
0.473
0.599
0.655
0.955
0.833
0.907
0.832
0.922
0.71
0.945
-0.372
-0.497
-0.326
-0.265
-0.297
-0.09
0.197
0.303
-0.078
-0.273
0.31
0.22
0.227
0.395
0.519
0.691
0.541
0.877
1.039
1.013
0.95
0.919
1.143
0.802
0.794
1.183
0.656
0.864
-0.962
-1.259
0.455
0.704
-1.263
0.526
0.252
0.709
-2.529
-2.647
-1.558
-1.188
-1.947
-1.712
-2.606
-2.287
-1.782
-1.719
-2.498
-2.91
-1.843
-0.769
-0.026
-0.063
0.272
0.446
0.514
0.772
0.789
0.919
0.655
0.505
0.991
1.131
0.881
0.822
1.107
0.492
0.903
0.65
0.936
1.077
-0.065
0.677
0.679
0.848
0.142
0.721
0.488
0.564
0.763
0.73
0.408
0.576
0.359
0.014
0.386
-0.758
0.046
-0.325
0.189
0.298
-0.47
-0.462
-0.223
-0.466
-0.187
-0.416
-0.733
-2.499
-1.208
-0.33
0.103
-0.223
0.158
0.278
0.28
0.207
0.245
0.591
0.871
-0.187
-2.615
-0.607
0.547
0.209
0.727
0.298
-0.066
-0.233
-1.048
-2.045
-1.494
-0.728
-0.793
-0.965
0.117
0.269
-0.016
0.217
0.337
-0.682
-2.158
-2.259
-0.997
-0.902
-0.529
-0.677
-0.384
0.491
0.65
-0.092
0.262
-0.929
-0.147
0.15
0.487
-0.486
0.289
0.263
0.501
0.765
0.134
-0.288
0.985
1.193
0.498
0.497
-0.085
0.43
-0.052
0.118
-0.1
-0.343
-0.56
0.054
-0.462
-0.787
-0.993
-0.545
-0.888
-0.816
-1.087
-0.757
-1.052
-0.769
-0.431
0.221
-1.215
-0.678
-0.581
0.064
0.592
0.133
0.259
0.33
0.769
0.859
0.897
0.306
0.667
0.175
-0.805
-1.553
-2.418
-1.157
-2.69
-0.677
-2.888
-1.835
-0.609
-0.753
-0.337
0.27
0.469
0.453
0.548
0.534
0.412
0.181
0.335
0.659
0.707
0.896
0.42
-2.497
-0.644
-0.061
-2.543
-0.377
0.028
0.019
-0.172
-0.349
-0.318
0.049
0.199
0.457
0.155
0.22
0.232
0.557
0.848
0.425
0.712
0.899
0.333
0.555
0.403
0.228
-0.149
0.098
0.546
-0.793
-0.424
0.232
-0.454
-0.093
0.85
0.892
-0.435
0.25
0.542
0.281
0.76
0.713
0.389
0.05
0.68
1.51
0.265
0.414
0.844
0.717
0.882
0.803
1.17
0.872
0.167
-0.303
0.357
0.579
0.768
0.849
0.35
0.729
0.963
0.739
0.817
0.827
0.361
0.546
0.448
0.754
-0.347
0.322
0.618
0.688
0.49
0.153
-0.731
-0.365
0.233
0.444
-0.231
-0.02
-0.132
-0.219
-1.863
-1.572
-0.735
-0.089
0.27
-0.027
-0.562
-0.542
-0.15
-0.396
-1.954
-0.679
0.11
0.089
-1.534
-1.309
-1.579
-1.003
-0.895
-0.868
-1.358
-1.962
-2.634
-1.943
-0.817
-0.343
-0.231
-0.487
-0.416
-0.893
-0.708
-0.001
-0.655
-0.59
-0.228
0.157
0.627
0.434
-0.537
-0.121
0.44
0.637
0.875
1.148
0.887
0.999
0.934
0.485
0.606
0.267
0.222
-1.489
-2.166
-1.282
-1.373
-1.729
-0.793
-0.355
-0.703
-0.616
-0.61
-0.597
-2.338
-1.557
-0.749
-0.318
-0.347
-1.545
-1.317
-1.127
-2.203
-2.326
-1.731
-2.439
-2.735
-1.543
0.053
0.378
0.084
-0.232
0.429
-0.206
0.038
0.575
0.49
0.304
0.76
0.269
0.607
0.592
0.49
0.62
0.405
-2.086
-0.679
-0.479
0.177
0.292
-1.11
-0.422
0.281
0.017
0.558
0.69
-0.367
0.61
0.704
0.919
1.024
1.283
1.052
0.907
0.865
0.35
-0.439
-1.982
-1.026
0.26
0.764
-2.215
-0.917
-0.579
0.095
0.489
0.51
-2.108
-2.481
-0.658
-1.846
-1.116
-1.962
-2.959
-0.988
-0.655
-0.977
-0.502
0.44
0.386
-0.138
0.359
0.477
-1.512
-0.609
-0.2
-0.465
-0.679
-2.266
-2.821
-1.887
-0.911
-0.858
-0.343
-0.542
-2.516
-1.728
-0.402
-0.25
0.09
0.252
-0.293
-0.978
-0.889
0.372
0.416
0.218
0.377
-0.458
0.19
-0.172
0.049
-0.064
-0.505
-1.889
-2.142
-2.665
-2.706
-1.388
-0.722
-1.699
-2.192
-1.416
-1.995
-2.426
-1.996
-2.315
-1.719
-0.149
-1.049
-0.144
-0.067
-0.96
0.277
0.008
0.387
0.826
0.937
0.401
0.012
-1.185
-0.365
0.297
0.421
0.339
-0.601
-1.064
-1.977
-0.728
-0.911
-0.9
-0.926
-1.686
-2.488
-2.774
-1.377
-0.719
-0.857
-1.895
-1.244
-2.094
-1.648
-2.083
-1.1
-1.176
-1.179
-1.176
-1.641
-0.507
0.289
0.405
0.606
0.379
0.474
0.429
0.358
0.536
-0.568
-2.881
-1.473
-0.62
-0.986
-0.985
-0.932
-0.533
-0.9
-1.084
-1.241
-1.906
-2.883
-2.752
-1.983
-0.929
-0.439
0.187
-0.227
0.237
0.383
-0.487
-0.041
-0.2
0.506
0.178
0.666
-0.104
0.622
0.687
0.024
0.499
0.493
0.549
-0.426
-0.062
0.29
0.431
0.558
0.524
0.345
-0.213
-0.425
-0.511
-0.464
-0.14
0.366
0.602
-0.318
-0.504
-2.236
-0.173
-0.495
0.108
0.166
-0.062
-0.548
-0.663
-0.659
-0.156
-0.373
0.047
0.304
0.459
0.48
0.454
0.545
0.343
0.415
0.095
0.42
0.368
0.397
0.292
-0.026
0.321
0.423
0.321
0.285
0.141
0.418
-0.095
0.226
0.397
0.373
-0.994
-0.276
-0.389
0.113
-0.062
-0.093
0.214
0.093
-0.154
-0.468
-0.665
-0.384
-1.076
-0.23
0.39
0.392
-0.42
-0.482
-1.063
-0.621
-0.139
0.298
-0.055
0.316
-0.473
-2.669
-1.77
-0.778
0.055
0.17
0.523
0.146
0.011
-0.129
0.144
0.353
0.274
-0.516
-1.267
-0.328
-0.36
0.331
-0.003
-0.272
-0.283
-0.233
-2.251
-2.592
-1.578
-0.217
0.028
-0.247
0.414
0.505
0.534
0.356
-0.49
-0.603
-0.292
-0.694
-2.403
-1.207
-1.09
-1.12
-1.69
-2.518
-2.103
-2.57
-2.518
-1.472
-0.38
0.067
0.256
0.315
0.377
0.266
-0.613
-0.857
-0.263
-0.114
-0.68
-1.604
-1.182
-0.239
0.304
0.485
0.604
0.437
0.683
0.782
1.088
0.807
0.533
0.772
0.712
0.867
0.005
0.423
0.67
0.618
0.556
0.457
0.402
0.537
0.473
0.354
0.408
-0.041
0.329
0.364
0.01
0.423
0.608
0.565
0.012
-0.221
-0.104
-0.743
-2.285
-2.486
-1.474
-1.488
-2.457
-2.633
-0.764
-0.048
-0.036
0.239
0.452
0.439
0.29
-0.968
-0.898
-0.067
-0.09
-0.335
-0.082
-0.514
-0.044
0.054
-0.881
-2.323
-1.081
0.34
0.258
0.313
0.373
0.765
0.499
-1.229
-0.483
-0.085
-1.584
-0.287
0.398
0.114
0.522
0.305
0.367
0.553
0.324
0.32
-0.065
0.368
0.225
0.384
-0.222
0.259
0.381
-1.656
-2.732
-2.489
-0.96
-1.48
-0.188
-0.278
0.377
0.252
0.364
0.012
0.295
0.339
0.225
-0.981
-0.378
-0.34
-1.202
-2.433
-0.959
-0.087
-0.849
-0.471
-1.883
-2.548
-1.355
-0.508
-0.422
-0.198
-0.477
-0.495
-0.254
0.001
0.016
-0.075
-1.097
-0.349
0.173
0.07
0.307
-0.182
-0.428
-0.456
-0.683
-0.6
-0.347
-0.343
-0.63
-0.05
-0.057
0.447
0.834
0.86
0.899
0.746
0.845
0.488
0.25
0.259
0.222
-0.448
0.384
0.348
0.477
0.514
0.704
-1.578
-1.734
0.006
-1.121
-1.419
-0.585
-0.796
-0.78
-0.19
-0.084
-0.191
-0.394
-0.707
-0.504
-1.705
-2.716
-1.832
-0.221
0.335
0.408
0.385
0.363
0.593
0.544
-0.081
-1.519
0.004
0.571
0.37
0.34
-0.634
-0.088
-0.2
0.177
0.461
0.291
0.544
0.502
0.303
-0.133
-0.404
-0.443
-0.586
-0.331
-0.05
0.349
0.183
0.521
0.807
1.112
0.816
1.228
1.071
-0.448
0.659
0.486
0.675
0.234
0.244
0.317
0.244
-0.229
-0.302
0.097
-2.364
-1.911
-0.579
-0.306
0.269
0.412
0.425
-0.958
-2.566
-0.896
-1.43
-1.613
-0.527
0.149
0.442
0.272
0.084
-0.672
-0.008
0.348
0.279
0.173
0.49
0.726
0.197
-0.285
0.054
-1.222
0.07
0.327
-0.264
-0.478
0.331
0.45
0.203
-0.683
-0.987
0.478
0.65
-0.487
-0.578
0.231
0.412
0.622
0.446
-0.659
-0.35
0.044
-0.333
-1.887
-0.33
-0.441
0.324
0.016
-0.578
-0.769
-0.389
0.417
0.447
0.3
0.823
1.049
-0.384
0.423
-0.456
0.215
-0.336
0.633
0.553
-0.442
0.305
0.219
0.066
0.426
-0.161
0.852
1.168
-0.057
-0.539
-0.867
-0.709
-0.767
-0.758
0.09
0.206
0.391
0.369
0.043
-0.248
0.408
0.395
0.008
0.51
0.026
0.645
0.162
0.748
-0.189
-0.549
0.365
0.277
0.264
-0.207
-0.453
-0.015
0.224
0.263
0.608
0.585
0.376
0.731
0.652
0.971
0.467
0.546
-0.923
0.071
-0.801
-0.073
0.313
0.485
-0.119
-0.657
-1.323
-0.574
0.078
0.041
0.25
0.226
-0.084
-0.159
-0.022
0.245
-0.508
0.459
0.244
1.09
1.01
1.07
1.02
-0.194
-0.262
-0.098
0.008
-0.174
0.506
0.609
1.118
1.116
1.199
0.935
0.463
0.848
0.812
0.628
0.402
0.417
0.067
0.158
0.387
-0.668
-0.259
0.339
-0.493
-0.477
-0.649
-0.363
-0.903
-0.288
-0.244
0.141
-0.012
-0.283
-0.231
0.142
-0.41
-1.401
-1.756
-1.026
-0.827
-0.568
-0.441
-0.578
-0.493
-0.626
-0.401
0.043
0.076
0.326
-0.194
0.009
0.02
-0.373
-0.248
-0.724
0.324
0.439
0.389
0.682
0.485
0.205
0.545
0.483
0.621
0.799
0.474
0.515
0.595
0.271
-0.235
-0.389
0.055
-0.376
-0.342
-0.246
-1.344
-1.163
-2.169
-2.365
-2.264
-2.547
-2.119
-0.629
0.202
0.281
0.434
0.372
0.332
0.651
0.656
0.454
0.266
0.243
0.247
0.395
-0.226
-0.312
0.367
0.339
0.268
-0.68
-0.191
0.074
0.467
0.432
0.564
0.59
0.4
0.387
0.611
0.415
0.139
0.018
0.36
-0.477
0.033
-0.237
-0.104
-0.645
-0.386
-0.405
-0.661
-0.351
-1.038
-1.888
-1.198
-1.825
-1.423
-1.31
-2.538
-2.632
-2.657
-2.908
-1.855
-0.685
0.042
-1.577
-0.537
-1.647
-1.724
-0.569
-2.004
-1.165
-0.75
0.158
-0.353
-0.667
-0.653
-1.224
-1.092
-1.024
-0.597
-0.781
-0.368
-0.147
-0.111
-0.123
0.28
0.466
0.5
-0.028
0.021
0.09
-0.026
0.041
-0.005
-1.787
-1.765
-0.737
-0.344
-0.468
-0.331
0.404
0.196
0.281
0.544
0.368
-0.581
-1.345
-0.442
0.049
-0.619
-0.661
-1.116
-1.737
-1.92
-1.012
-1.31
-1.16
-0.737
-0.537
-0.165
0.275
-0.263
-0.528
-1.062
-0.673
-0.948
0.06
-0.012
-0.617
0.122
-1.027
-0.278
0.491
-0.867
-0.747
-0.584
-0.232
-0.598
-1.569
-0.827
-0.619
-0.643
-0.749
-0.508
-1.21
-1.907
-2.732
-0.509
-0.194
0.387
0.777
0.131
-1.213
-2.223
-2.192
-2.776
-1.494
-1.576
-1.334
-1.467
-0.995
-1.845
-1.045
-1.9
-1.653
-0.464
0.064
-0.172
-0.322
0.301
-0.497
-0.18
-0.199
-0.385
-0.839
-0.977
-2.636
-2.316
-2.555
-2.489
-2.04
-0.739
-0.93
-0.593
-0.965
-0.818
-0.239
-0.052
-1.116
-1.322
-1.639
-2.194
-0.876
-1.437
-2.078
-1.533
-2.174
-2.173
-2.234
-1.586
-1.501
-1.941
-2.168
-2.161
-1.243
-0.773
-0.603
-0.829
-1.783
-0.545
-0.184
-0.161
-0.166
-0.182
0.298
0.511
-0.112
0.439
0.984
0.789
1.049
1.456
1.444
0.878
0.994
-0.046
0.395
-0.386
0.488
-0.078
0.095
0.422
1.005
0.666
0.26
0.018
-0.56
-0.221
0.607
0.023
0.305
-0.083
0.354
0.649
0.704
0.759
0.755
0.748
0.759
0.593
0.742
0.648
0.695
-0.382
-1.303
-1.689
-0.477
-0.894
-0.383
0.287
0.49
0.437
0.702
0.199
1.119
1.021
0.654
1.145
0.749
0.746
0.94
1.236
0.963
0.528
0.857
-0.571
0.239
0.747
0.924
0.595
0.549
0.397
0.412
0.583
0.683
0.621
1.104
1.157
-0.077
0.823
-1.209
-0.337
0.359
1.134
0.647
1.105
1.081
0.166
0.855
1.358
1.371
0.897
-0.078
-0.651
-1.835
-2.089
-0.269
1.014
0.707
-0.9
-2.162
-1.841
-0.587
-0.699
-0.961
-0.502
-0.892
-0.161
0.295
0.148
0.34
0.523
0.626
0.723
0.378
0.791
1.109
1.011
1.16
1.436
1.499
1.252
-0.186
0.116
0.224
-1.478
-2.062
-2.784
-2.804
-0.808
0.128
0.714
0.756
0.835
0.83
0.833
0.861
0.661
0.948
0.716
0.018
-0.307
-1.58
-2.086
-2.138
-1.925
-1.405
-1.042
-0.863
-1.937
-0.979
-0.25
-0.022
0.738
0.218
0.017
0.113
-0.219
-0.282
0.127
0.473
0.517
0.663
0.093
-0.677
0.593
0.955
1.135
1.163
1.393
1.567
1.485
1.553
1.601
1.449
1.382
1.391
1.558
1.306
1.578
1.436
1.586
1.221
1.65
1.615
1.792
1.309
1.554
1.582
1.234
1.351
1.332
1.572
1.58
1.66
1.287
1.664
1.157
0.848
-0.251
-2.25
-2.54
-2.325
-2.742
0.078
0.518
0.477
0.159
0.323
0.602
0.593
0.887
-0.259
0.139
-0.404
0.034
0.28
-0.538
-0.744
-0.186
0.812
1.104
0.012
0.57
0.498
0.794
1.057
1.146
1.159
0.425
1.013
1.244
1.313
1.08
0.818
0.863
1.067
0.994
0.9
0.963
1.042
1.204
1.092
1.112
0.503
0.864
1.016
-1.825
-1.629
-1.484
-0.444
-1.128
0.025
0.238
0.081
0.847
0.837
1.1
1.258
1.23
1.065
0.665
0.595
-1.12
-1.926
-2.319
-1.954
0.114
-2.037
-2.119
-0.673
-0.633
-1.652
-2.796
-1.81
-1.114
-0.902
-0.338
-0.035
-0.569
-0.969
-1.018
-0.078
0.425
0.702
0.987
0.884
0.913
0.876
0.872
0.192
0.442
-0.36
0.221
0.426
0.209
0.537
0.958
0.953
0.301
0.856
0.764
0.755
0.189
0.158
-0.03
0.168
0.189
-1.445
-0.977
-1.937
-2.42
-1.165
-0.916
-0.931
-2.38
-0.834
-1.193
-2.421
-0.339
-0.266
-0.457
-0.566
-1.083
-0.926
-0.105
-1.33
-1.882
-2.33
-1.878
-1.945
-0.802
-2.628
-0.884
-2.112
-1.92
-0.347
0.788
1.062
1.093
1.048
0.829
-0.481
-1.492
-0.721
0.149
0.683
0.685
-1.558
-0.447
0.396
0.408
0.912
0.997
0.982
1.081
0.955
0.958
0.753
0.782
0.701
0.822
-0.617
-0.444
0.248
0.776
0.024
-0.693
-2.74
-0.731
-0.081
-0.96
0.506
0.851
0.46
-0.358
-0.444
-0.487
-1.012
-0.09
0.725
0.601
0.567
0.874
0.654
0.996
0.565
-0.818
-0.229
-1.46
-2.226
-2.236
-0.577
-2.198
-0.458
0.487
1.134
0.843
0.484
0.605
-0.447
0.537
0.659
0.404
-1.677
-0.376
0.279
-0.01
-2.831
-0.648
-1.817
-0.398
0.495
1.136
0.973
0.712
-1.867
-0.316
0.49
-0.079
-2.523
-0.105
-0.308
-1.615
0.075
0.025
-2.148
-1.945
-2.63
-2.43
-0.947
-1.006
-0.659
-0.645
-0.895
-0.912
-0.751
-0.358
-0.684
0.112
-0.072
0.412
0.333
0.026
-0.397
-0.053
-0.677
-1.699
-0.196
-0.69
-0.738
-0.34
-0.744
-0.558
-0.061
0.805
0.998
1.045
0.94
0.831
0.02
-0.112
-0.03
-0.478
-0.434
0.044
0.255
-0.001
-0.363
-0.251
-2.044
-2.72
-2.651
-2.721
-2.751
