0.294
0.201
-0.177
0.075
0.262
0.132
-0.154
0.101
-0.131
0.202
-0.67
-0.713
-0.38
0.093
-0.29
0.014
0.231
0.334
0.261
0.622
0.631
0.553
0.764
0.811
0.836
0.724
0.867
0.466
0.323
0.221
0.142
0.51
0.465
0.491
0.459
0.215
0.552
0.395
0.358
0.496
0.58
0.854
0.62
0.309
0.294
-0.014
0.405
0.541
0.521
0.415
0.191
0.166
-0.142
0.276
0.098
0.255
0.28
0.054
0.661
0.568
0.582
-0.068
-0.094
-0.079
0.175
-0.241
-0.139
-0.372
-0.6
-0.452
-0.133
-0.52
-0.127
-0.108
0.387
-0.307
0.099
0.433
0.698
0.511
0.577
0.744
0.804
0.441
0.81
0.943
1.06
0.996
0.992
1.061
1.1
0.978
0.778
0.837
0.176
0.302
0.493
0.611
0.662
0.574
0.726
0.687
0.811
0.557
0.712
0.907
1.155
1.029
1.066
0.897
0.904
0.756
0.964
-0.133
-0.434
-0.37
-0.454
-0.402
-0.161
0.123
0.286
-0.144
-0.332
0.208
0.124
0.154
0.457
0.609
0.804
0.517
0.982
1.332
1.293
1.211
1.243
1.405
0.924
0.869
1.282
0.792
0.955
-1.093
-1.373
0.27
0.725
-1.379
0.552
0.231
0.623
-2.224
-2.472
-1.519
-1.078
-1.923
-1.718
-2.35
-1.999
-1.769
-1.676
-2.099
-2.815
-1.836
-0.624
-0.03
-0.204
0.157
0.673
0.525
0.861
0.973
1.071
0.969
0.486
1.325
1.249
0.982
1.072
1.342
0.749
1.105
0.702
1.234
1.223
0.066
0.775
0.813
0.941
0.144
0.648
0.469
0.665
0.936
0.79
0.45
0.626
0.168
0.044
0.19
-0.993
-0.029
-0.406
-0.015
0.163
-0.37
-0.627
-0.008
-0.365
-0.23
-0.549
-0.99
-2.399
-1.216
-0.304
0.119
-0.174
0.278
0.318
0.285
0.384
0.477
0.742
0.916
-0.267
-2.025
-0.731
0.553
0.172
0.924
0.472
-0.002
-0.117
-1.029
-1.964
-1.676
-0.995
-0.709
-0.604
-0.074
-0.021
0.013
0.367
0.445
-0.672
-1.863
-1.923
-1.278
-0.911
-0.396
-0.729
-0.206
0.501
0.735
0.056
0.331
-0.972
-0.169
0.227
0.482
-0.521
0.044
0.195
0.375
0.943
0.383
0.06
1.089
1.203
0.522
0.492
-0.185
0.496
-0.332
0.075
-0.037
-0.272
-0.596
0.029
-0.629
-0.741
-0.97
-0.429
-0.848
-0.741
-0.946
-0.654
-0.947
-0.471
-0.084
0.097
-1.338
-0.401
-0.688
0.243
0.622
0.01
0.295
0.248
0.713
0.78
0.818
0.352
0.688
-0.033
-0.731
-1.53
-2.212
-1.212
-2.288
-0.346
-2.414
-1.642
-0.563
-0.616
-0.199
0.282
0.244
0.491
0.579
0.473
0.346
0.096
0.35
0.644
0.828
1.34
0.13
-2.143
-0.499
0.027
-2.343
-0.302
0.161
0.224
0.164
-0.29
-0.346
0.024
0.409
0.479
0.324
0.28
0.149
0.737
0.914
0.513
0.872
0.966
0.554
0.557
0.406
0.282
0.201
0.318
0.651
-0.591
-0.578
0.149
-0.629
-0.275
1.075
1.007
-0.467
0.199
0.585
0.369
0.879
0.763
0.402
-0.018
0.876
2.097
0.477
0.699
0.824
0.827
0.946
0.725
1.035
0.849
0.254
-0.29
0.296
0.624
0.737
0.73
0.205
0.689
1.091
0.65
0.796
0.835
0.347
0.618
0.522
0.721
-0.367
0.176
0.699
0.731
0.489
0.037
-0.714
-0.221
0.234
0.716
-0.252
0.048
-0.022
-0.39
-1.623
-1.49
-0.499
-0.079
0.408
0.03
-0.623
-0.444
-0.052
-0.154
-1.732
-0.489
0.111
0.042
-1.349
-1.308
-1.383
-1.078
-0.697
-0.946
-1.685
-2.006
-2.277
-1.777
-0.825
-0.417
-0.049
-0.382
-0.41
-1.114
-0.657
-0.076
-0.847
-0.642
-0.468
0.012
0.528
0.12
-0.646
-0.272
0.194
0.603
0.633
0.742
0.626
0.762
0.706
0.309
0.666
0.425
0.275
-1.123
-1.912
-1.313
-1.383
-1.652
-0.982
-0.222
-0.912
-0.683
-0.683
-0.601
-2.183
-1.375
-0.7
-0.15
-0.381
-1.42
-1.382
-1.143
-1.912
-1.902
-1.302
-2.0
-2.336
-1.333
0.166
0.313
-0.015
-0.203
0.306
-0.157
-0.094
0.546
0.521
0.465
0.669
0.423
0.706
0.565
0.489
0.559
-0.007
-1.859
-0.909
-0.553
-0.191
-0.071
-1.327
-0.9
0.237
-0.305
0.502
0.749
-0.476
0.648
0.621
0.917
1.12
0.996
0.91
0.729
0.765
0.399
-0.392
-1.835
-1.033
0.143
0.713
-1.687
-0.886
-0.54
0.081
0.366
0.293
-1.683
-2.264
-0.576
-1.705
-1.085
-1.796
-2.539
-0.924
-0.514
-0.957
-0.131
0.517
0.461
0.015
0.491
0.547
-1.331
-0.419
-0.096
-0.337
-0.732
-1.954
-2.488
-1.91
-1.2
-0.863
-0.376
-0.601
-2.102
-1.453
-0.322
-0.083
0.222
0.473
-0.13
-0.902
-0.935
0.312
0.664
0.289
0.488
-0.036
0.268
0.05
0.093
-0.132
-0.459
-1.577
-1.848
-2.367
-2.164
-1.241
-0.879
-1.738
-2.04
-1.079
-1.767
-2.176
-1.752
-1.989
-1.797
-0.211
-0.815
-0.546
-0.336
-1.014
0.284
0.019
0.461
0.93
0.962
0.258
-0.267
-1.101
-0.402
0.038
0.333
0.155
-0.381
-1.138
-2.141
-0.945
-1.102
-1.065
-0.896
-1.659
-2.415
-2.789
-1.504
-1.029
-0.856
-1.889
-1.359
-2.102
-1.854
-2.01
-1.178
-1.216
-1.595
-1.603
-1.934
-0.809
-0.051
0.405
0.37
0.27
0.248
0.379
0.128
0.242
-0.784
-2.633
-1.559
-0.638
-1.095
-0.899
-0.916
-0.347
-1.03
-1.012
-1.214
-1.913
-2.545
-2.495
-1.948
-0.848
-0.53
0.058
-0.128
0.066
0.234
-0.524
-0.088
-0.152
0.445
0.085
0.535
-0.16
0.384
0.471
-0.131
0.239
0.316
0.438
-0.595
-0.235
0.218
0.33
0.498
0.462
0.128
-0.338
-0.656
-0.522
-0.309
-0.254
0.354
0.436
-0.234
-0.426
-1.963
-0.065
-0.403
0.282
0.158
0.028
-0.76
-0.866
-0.918
-0.242
-0.413
-0.177
0.169
0.361
0.363
0.235
0.339
0.125
0.134
-0.098
0.199
0.153
0.26
0.078
-0.362
0.147
0.343
0.16
0.105
-0.089
0.33
-0.276
-0.05
0.257
0.075
-0.867
-0.416
-0.425
-0.091
-0.094
-0.013
-0.067
-0.042
-0.243
-0.509
-0.67
-0.479
-1.229
-0.225
0.508
0.517
-0.26
-0.711
-1.268
-0.596
-0.289
-0.036
-0.229
0.09
-0.477
-2.031
-1.757
-0.65
0.104
0.008
0.418
0.057
-0.2
-0.27
-0.025
0.104
0.073
-0.628
-1.263
-0.352
-0.482
0.011
-0.083
-0.434
-0.227
-0.271
-1.976
-2.243
-1.556
-0.184
0.005
-0.293
0.344
0.44
0.471
0.159
-0.445
-0.602
-0.334
-0.845
-2.158
-1.435
-1.178
-1.147
-1.614
-2.294
-1.803
-2.003
-2.377
-1.303
-0.425
0.17
0.177
0.36
0.278
0.14
-0.782
-0.757
-0.165
-0.109
-0.564
-1.7
-1.148
-0.121
0.194
0.618
0.528
0.335
0.554
0.788
1.003
0.787
0.451
0.669
0.749
0.811
0.06
0.361
0.428
0.479
0.417
0.304
0.234
0.486
0.419
0.257
0.597
-0.09
0.244
0.207
-0.038
0.374
0.636
0.615
0.041
-0.392
-0.136
-0.726
-1.95
-2.378
-1.247
-1.36
-2.267
-2.587
-1.047
-0.144
-0.296
0.066
0.25
0.185
0.168
-0.922
-0.863
-0.251
-0.194
-0.273
-0.199
-0.769
-0.151
-0.036
-0.78
-1.979
-0.956
0.395
0.162
0.192
0.488
0.798
0.142
-1.289
-0.548
-0.081
-1.317
-0.382
0.123
-0.107
0.357
0.216
0.198
0.341
0.31
0.231
-0.073
0.374
0.007
0.062
-0.189
0.198
0.156
-1.406
-2.323
-2.304
-1.024
-1.465
-0.185
-0.286
0.34
0.093
0.226
-0.077
0.066
0.001
0.103
-0.918
-0.482
-0.5
-1.198
-2.371
-1.062
-0.349
-0.882
-0.631
-1.868
-2.223
-1.411
-0.349
-0.407
-0.084
-0.411
-0.414
-0.309
-0.09
0.071
0.187
-1.171
-0.516
0.109
0.072
0.262
-0.339
-0.526
-0.616
-0.877
-0.524
-0.411
-0.38
-0.591
-0.119
-0.194
0.397
0.757
0.735
0.814
0.602
0.831
0.536
0.055
-0.036
-0.046
-0.653
0.059
-0.035
0.121
0.495
0.401
-1.367
-1.8
0.003
-1.142
-1.337
-0.579
-1.035
-0.824
-0.313
-0.272
-0.38
-0.786
-1.033
-0.541
-1.695
-2.413
-1.745
-0.345
0.191
0.025
0.192
0.294
0.478
0.349
-0.225
-1.418
-0.158
0.256
0.168
0.002
-0.89
-0.385
-0.354
0.183
0.333
0.126
0.428
0.305
0.336
-0.161
-0.619
-0.384
-0.585
-0.024
-0.007
0.462
0.015
0.448
0.805
1.044
0.729
0.967
1.147
-0.367
0.568
0.517
0.654
0.306
0.056
0.369
0.074
-0.172
-0.451
-0.097
-2.309
-1.708
-0.421
-0.273
0.186
0.305
0.54
-0.769
-2.292
-0.96
-1.587
-1.655
-0.572
0.329
0.553
0.499
0.33
-0.444
0.101
0.451
0.304
0.332
0.621
0.816
0.445
-0.236
0.119
-0.891
0.123
0.398
-0.022
-0.614
0.404
0.558
0.335
-0.579
-0.994
0.595
0.882
-0.13
-0.564
0.277
0.617
0.662
0.55
-0.503
-0.314
-0.156
-0.154
-1.756
-0.308
-0.336
0.345
0.023
-0.549
-1.13
-0.379
0.519
0.546
0.564
0.851
1.317
-0.2
0.358
-0.317
0.293
-0.347
0.979
0.709
-0.49
0.211
0.219
0.109
0.354
-0.292
0.948
1.308
0.015
-0.599
-0.843
-0.983
-0.768
-0.667
-0.118
0.046
0.263
0.199
0.109
-0.513
0.368
0.209
-0.174
0.351
-0.025
0.595
0.081
0.579
-0.435
-0.654
0.094
0.077
0.129
-0.361
-0.564
-0.214
0.236
0.41
0.75
0.575
0.266
0.712
0.739
1.179
0.806
0.769
-0.9
-0.051
-0.626
-0.147
0.35
0.581
-0.181
-0.809
-1.501
-0.778
0.02
-0.184
0.104
0.251
-0.304
-0.407
-0.137
0.145
-0.042
0.451
0.257
1.114
1.089
1.079
1.04
-0.215
-0.359
-0.289
-0.051
-0.343
0.287
0.67
1.006
1.139
1.124
1.186
0.528
0.88
0.858
0.693
0.497
0.54
0.27
0.36
0.497
-0.469
-0.307
0.161
-0.455
-0.5
-0.557
-0.281
-0.878
-0.295
-0.107
0.198
0.054
-0.355
-0.181
0.036
-0.488
-1.296
-1.617
-1.107
-0.755
-0.372
-0.39
-0.425
-0.509
-0.628
-0.455
-0.15
-0.039
0.342
-0.139
-0.029
-0.153
-0.437
-0.243
-0.631
0.328
0.468
0.428
0.557
0.506
0.144
0.479
0.391
0.593
0.742
0.488
0.468
0.497
0.24
-0.331
-0.444
-0.038
-0.448
-0.192
-0.116
-1.452
-1.527
-1.954
-2.079
-1.972
-2.231
-1.811
-0.646
0.092
0.201
0.356
0.24
0.259
0.543
0.633
0.452
0.261
0.209
0.003
0.317
-0.259
-0.191
0.306
0.213
0.076
-0.681
-0.309
-0.072
0.424
0.379
0.487
0.507
0.399
0.345
0.509
0.423
0.044
-0.238
0.089
-0.497
-0.243
-0.594
-0.273
-0.769
-0.492
-0.598
-0.871
-0.587
-1.397
-1.844
-1.51
-1.905
-1.631
-1.541
-2.418
-2.449
-2.404
-2.76
-1.889
-0.943
-0.089
-1.605
-0.702
-1.624
-1.825
-0.917
-2.064
-1.542
-0.899
-0.078
-0.406
-0.964
-0.707
-1.43
-1.368
-1.246
-0.79
-0.885
-0.499
-0.215
-0.296
-0.402
0.0
0.252
0.404
-0.017
-0.093
-0.25
-0.369
-0.114
-0.229
-1.745
-1.971
-1.13
-0.547
-0.613
-0.543
0.12
0.091
0.029
0.33
0.205
-0.835
-1.703
-0.582
-0.095
-1.02
-1.089
-1.389
-2.005
-2.066
-1.39
-1.391
-1.207
-1.011
-0.709
-0.41
0.007
-0.595
-0.755
-1.317
-0.964
-1.192
-0.259
-0.32
-0.639
-0.178
-1.325
-0.5
0.169
-0.949
-1.095
-0.84
-0.415
-0.767
-1.604
-1.061
-0.707
-0.789
-0.915
-0.585
-1.656
-2.12
-2.541
-1.03
-0.416
-0.001
0.47
-0.082
-1.327
-2.288
-2.414
-2.816
-1.72
-1.615
-1.443
-1.487
-1.194
-1.823
-1.281
-1.774
-1.599
-0.581
-0.08
-0.212
-0.552
-0.101
-0.902
-0.581
-0.298
-0.748
-1.25
-1.521
-2.473
-2.38
-2.391
-2.228
-1.829
-1.185
-0.969
-0.737
-1.013
-0.742
-0.38
-0.063
-1.267
-1.381
-1.711
-2.113
-1.139
-1.296
-1.913
-1.578
-2.035
-2.214
-2.2
-1.684
-1.426
-1.673
-2.198
-1.92
-1.23
-0.858
-0.836
-0.963
-1.871
-0.677
-0.431
-0.241
0.027
-0.363
0.163
0.529
-0.261
0.328
0.582
0.506
1.027
1.294
1.178
0.713
0.726
-0.6
0.056
-0.61
0.209
-0.444
-0.165
0.16
0.762
0.479
-0.085
-0.225
-0.956
-0.438
0.317
-0.212
0.121
-0.334
0.064
0.539
0.558
0.408
0.572
0.349
0.583
0.247
0.619
0.687
0.381
-1.082
-1.471
-1.954
-0.9
-1.022
-0.83
0.113
0.187
0.135
0.411
0.224
0.931
0.804
0.266
0.879
0.393
0.428
0.626
0.815
0.561
0.143
0.454
-0.601
-0.202
0.269
0.361
0.163
0.027
-0.064
-0.033
0.008
0.316
0.0
0.675
0.722
-0.599
0.117
-1.395
-0.675
0.024
0.362
0.496
0.758
0.504
-0.174
0.11
0.834
0.851
0.38
-0.554
-1.074
-1.999
-2.245
-0.757
0.412
0.568
-1.105
-2.249
-1.963
-1.037
-0.914
-0.622
-0.564
-0.499
-0.367
0.049
0.075
0.044
0.182
0.275
0.627
0.101
0.462
0.875
0.758
0.834
1.051
1.146
1.003
-0.105
-0.111
0.122
-1.437
-1.935
-2.706
-2.929
-1.279
-0.222
0.502
0.421
0.69
0.909
0.778
0.688
0.75
0.82
0.843
0.325
-0.078
-1.011
-1.441
-1.857
-1.796
-1.227
-0.995
-0.889
-1.802
-1.119
-0.346
0.239
0.866
0.682
0.184
0.292
-0.14
-0.23
-0.107
0.453
0.451
0.471
0.061
-0.675
0.532
0.761
1.109
1.403
1.508
1.376
1.427
1.285
1.553
1.433
1.483
1.422
1.683
1.446
1.533
1.603
2.015
2.102
1.957
2.117
2.108
1.53
1.831
1.565
1.252
1.491
1.367
1.585
1.59
2.044
2.123
2.427
2.264
1.333
0.094
-1.862
-2.389
-1.895
-2.313
-0.032
0.873
0.719
0.422
0.756
0.814
0.913
0.931
0.618
0.364
0.281
0.309
0.58
-0.144
-0.393
0.409
0.814
0.983
0.594
0.773
0.782
1.208
1.241
1.52
1.413
0.7
1.122
1.7
1.465
1.17
0.943
0.897
1.218
1.079
1.191
1.477
1.246
1.392
1.486
1.598
0.905
0.819
1.283
-1.434
-1.444
-1.141
-0.298
-0.713
0.215
0.646
0.197
1.164
1.163
1.543
1.774
1.815
1.373
0.798
0.798
-0.533
-1.518
-2.428
-2.081
-0.149
-1.988
-2.163
-0.872
-0.705
-1.71
-2.612
-1.952
-1.23
-0.715
-0.094
-0.046
-0.301
-0.62
-0.759
-0.132
0.527
0.779
1.093
0.971
1.062
0.936
0.997
0.375
0.64
-0.289
0.265
0.505
0.191
0.658
0.899
1.061
0.449
1.131
0.788
0.907
0.242
0.37
0.101
0.129
0.098
-1.343
-0.8
-1.799
-2.242
-1.09
-0.713
-0.577
-2.314
-0.797
-1.173
-2.303
-0.582
-0.208
-0.39
-0.326
-1.062
-0.863
0.094
-0.906
-1.364
-2.061
-1.454
-1.648
-0.487
-2.474
-0.938
-1.758
-1.523
0.144
1.332
1.54
1.641
1.303
0.964
-0.342
-1.118
-0.526
0.572
0.993
0.991
-1.204
-0.427
0.664
0.954
1.274
1.154
1.227
1.409
1.167
1.448
1.16
1.085
1.141
1.0
-0.596
-0.035
0.799
1.386
0.7
-0.47
-2.517
-1.129
-0.296
-0.527
0.678
0.799
0.434
0.115
-0.056
-0.023
-0.283
0.447
0.913
0.765
0.47
0.809
1.078
0.903
0.559
-0.727
-0.415
-1.392
-2.11
-2.366
-0.818
-1.977
-0.414
0.507
0.988
0.888
0.598
0.58
0.06
0.539
0.918
0.378
-1.239
-0.47
0.305
-0.294
-2.328
-0.656
-1.263
-0.262
0.626
1.376
1.068
0.738
-1.004
-0.413
0.623
0.11
-2.07
-0.223
-0.219
-0.869
0.691
0.663
-1.682
-1.374
-2.618
-2.066
-0.45
-0.791
-0.751
-0.434
-0.398
-0.188
-0.242
-0.019
-0.55
0.248
0.16
0.517
0.513
0.235
-0.428
-0.009
-0.463
-1.466
-0.28
-0.521
-0.632
-0.076
-0.776
-0.578
0.019
0.929
1.049
1.08
0.816
0.927
0.343
-0.061
-0.062
-0.39
-0.437
0.075
0.319
0.222
-0.444
-0.278
-1.732
-2.653
-2.516
-2.549
-2.389
